%YAML:1.0
---
ground_projection:
   plane:
      center: [ 0., 0., 0. ]
      x: [ 0., 0., 0. ]
      y: [ 0., 0., 0. ]
   camToGround: !!opencv-matrix
      rows: 3
      cols: 3
      dt: d
      data: [ 2.0836665320424617e+00, 4.6034493149775285e-01,
          -2.6232392491190385e+03, -2.4067466383218350e-01,
          3.4070507098743499e+00, -2.4997824380594652e+03,
          3.4157911354055066e-04, -2.5842604575119132e-01, 1. ]
