%YAML:1.0
---
lines:
   []
gps_image_points: []
grid: [ 174., 746., 1080., 810., 1156., 466., 616., 444. ]
