%YAML:1.0
---
ground_projection:
   plane:
      center: [ 0., 0., 0. ]
      x: [ 0., 0., 0. ]
      y: [ 0., 0., 0. ]
   camToGround: !!opencv-matrix
      rows: 3
      cols: 3
      dt: d
      data: [ 1.0342678007545102e-01, -4.8300831304271610e-02,
          -1.3557098330844372e+02, -1.1979687451302904e-02,
          1.2954778290362459e-01, -8.4947127925041301e+01,
          -8.5426442979628658e-06, -1.4045194198531355e-02,
          9.9999999999999989e-01 ]
