%YAML:1.0
---
lines:
   []
gps_image_points: []
grid: [ 760., 726., 1690., 812., 1506., 418., 1052., 398. ]
